3.8 4.8 14.3 2.6 31 180 Starfish 58 209 Sea 11 Seaweed 153 6.6 15.4 14.0 24 59 182 146
213 116 101 Pelican 241 92 Motel 13.4 17.2 204 12.7 175 77 Camping 123 105 61 7.6 9.8 271
14.2 16.3 Tent 11.2 8.4 286 144 14.6 6.1 57 30 76 3 17.5 13.4 4.4 4.7 29 Hotel 5.7
17.7 8.8 17.1 12.9 195 201 13.3 5.2 Sunglasses 276 273 1.3 12.7 121 10.2 9.8 Tourist 2.9 3.2 16
6.8 2.0 15.6 2.0 Tan 1.7 28 17.3 1.2 252 156 Sand 8.2 4.2 11.6 83 Crab 125 18 206
290 Shell 8.9 16.6 299 17.4 6.9 150 18.0 227 181 19 Bikini 20 162 198 16.0 119 15.2 11.9
Surf 9.7 12.1 2.1 Swim 4.8 9.7 71 Wave 280 110 7.3 6.9 17.4 13.4 8 178 Dolphin 240 Lifeguard 255
256 Car 291 Coast 179 224 87 15 169 Sunset 9.8 294 139 Jellyfish 63 86 Cruise 140 173 4
Reef 65 282 141 219 42 233 96 3.8 9.0 6.6 13.7 129 39 159 Boat 55 Fish 234 289
Disney 2.5 Ocean 7.6 7.2 97 10.6 128 5.7 Surfboard 78 11.6 10.9 262 12.2 7.8 40 148 188 11.2
37 4.9 14.1 Sunscreen 7.9 10.0 297 5.7 176 10.5 112 10.7 172 211 8.5 Resort 287 3.2 202 7.0
0.5 48 11.7 13 142 2.3 1.2 Train 13.6 245 70 2.5 8.5 11.3 217 Umbrella 16.7 17.2 1.6 138
260 Hammock 44 163 16.8 3.6 26 237 Coral 136 244 Tide 73 0.4 11.6 15.8 120 16.0 16.7 Subway
9.6 38 47 205 214 12 254 Trip 283 50 2.1 54 208 243 103 6.4 13.5 164 17.6 5.2
11.3 16.9 14.0 193 177 16.9 Towel 12.2 16.5 157 62 3.4 11.8 1.4 220 Beachball 3.7 13.0 259 6.3
9.6 145 246 6.5 10.7 Boardwalk 45 22 185 32 6.6 12.3 Shark 13.9 16.4 231 Boat 171 17.4 7.9
155 12.5 25 295 13.6 16.2 285 Vacation 17.5 11.6 158 11.4 228 300 0.3 4.0 292 1.2 9.4 Adventure
4.1 279 16.8 Ski 9.0 15.0 52 14.2 11.8 10.2 275 2.7 11.6 278 Goggles 1.8 12.6 261 River 269
4.4 2.3 11.9 Flip-flops 113 68 75 Flight 12.1 3.2 264 16.0 Swimsuit 5.0 88 109 15.6 13.4 197 7.7
1.1 8.0 66 170 5 16.9 Museum 6.5 12.7 134 267 21 190 Sun 229 12.9 5.5 10.0 5.4